900 900 ttt_20181222033729.jpg Jpeg 0.42 0.523333333333333 0.236666666666667 0.296666666666667 1 yee
900 900 ttt_20181222033729.jpg Jpeg 0.301111111111111 0.412222222222222 0.35 0.426666666666667 1 yee
900 900 ttt_20181222033729.jpg Jpeg 0.228888888888889 0.31 0.453333333333333 0.541111111111111 1 yee
900 900 ttt_20181222033729.jpg Jpeg 0.422222222222222 0.556666666666667 0.588888888888889 0.666666666666667 1 yee
900 900 ttt_20181222033729.jpg Jpeg 0.322222222222222 0.447777777777778 0.635555555555556 0.722222222222222 1 yee
900 900 ttt_20181222033729.jpg Jpeg 0.44 0.531111111111111 0.735555555555556 0.778888888888889 1 yee
900 900 ttt_20181222033729.jpg Jpeg 0.514444444444444 0.61 0.711111111111111 0.773333333333333 1 yee
900 900 ttt_20181222033729.jpg Jpeg 0.638888888888889 0.733333333333333 0.691111111111111 0.763333333333333 1 yee
900 900 ttt_20181222033729.jpg Jpeg 0.72 0.857777777777778 0.658888888888889 0.745555555555556 1 yee
900 900 ttt_20181222033729.jpg Jpeg 0.735555555555556 0.817777777777778 0.567777777777778 0.674444444444444 1 yee
900 900 ttt_20181222033729.jpg Jpeg 0.816666666666667 0.891111111111111 0.49 0.603333333333333 1 yee