900 900 ttt_20181223233919.jpg Jpeg 0.61 0.675555555555556 0.373333333333333 0.472222222222222 1 yee
900 900 ttt_20181223233919.jpg Jpeg 0.504444444444444 0.595555555555556 0.441111111111111 0.532222222222222 1 yee
900 900 ttt_20181223233919.jpg Jpeg 0.367777777777778 0.45 0.464444444444444 0.567777777777778 1 yee
900 900 ttt_20181223233919.jpg Jpeg 0.224444444444444 0.321111111111111 0.481111111111111 0.566666666666667 1 yee
900 900 ttt_20181223233919.jpg Jpeg 0.474444444444444 0.594444444444444 0.57 0.658888888888889 1 yee
900 900 ttt_20181223233919.jpg Jpeg 0.597777777777778 0.697777777777778 0.553333333333333 0.666666666666667 1 yee
900 900 ttt_20181223233919.jpg Jpeg 0.656666666666667 0.768888888888889 0.638888888888889 0.723333333333333 1 yee
900 900 ttt_20181223233919.jpg Jpeg 0.903333333333333 0.991111111111111 0.457777777777778 0.547777777777778 1 yee
900 900 ttt_20181223233919.jpg Jpeg 0.43 0.534444444444445 0.728888888888889 0.777777777777778 1 yee
900 900 ttt_20181223233919.jpg Jpeg 0.303333333333333 0.401111111111111 0.698888888888889 0.766666666666667 1 yee
900 900 ttt_20181223233919.jpg Jpeg 0.256666666666667 0.357777777777778 0.631111111111111 0.705555555555556 1 yee